(95,46);(96,46)
(95,49);(95,48)
(89,46);(89,47)
(86,49);(86,48)
(48,46);(48,47)
(45,48);(46,48)
(27,43);(27,44)
(24,43);(25,43)
(36,33);(36,32)
(36,30);(37,30)
(39,26);(38,26)
(68,22);(68,21)
(39,23);(39,24)
(68,19);(69,19)
(80,38);(79,38)
(77,35);(78,35)
(80,35);(80,36)
(77,38);(77,37)
(39,30);(39,31)
(36,26);(36,25)
(27,46);(26,46)
(24,46);(24,45)
(98,49);(97,49)
(98,36);(97,36)
(95,36);(95,35)
(95,33);(96,33)
(98,33);(98,34)
(98,27);(97,27)
(95,27);(95,26)
(98,24);(98,25)
(71,19);(71,20)
(71,22);(70,22)
(89,49);(88,49)
(85,46);(86,46)
(74,61);(75,61)
(77,61);(76,61)
(110,63);(110,64)
(109,66);(109,65)